4 5 6 7 8 9 10 11 12 13 14 15 16 17 18 19 20 21 22 23 24 25 26 27 6 28 29 30 31 8 32 12 13 33 15 34 35 36 37 38 39 40 41 
28 42 43 44 15 45 46 47 7 48 49 49 50 13 51 15 4 52 53 54 55 18 42 56 57 33 17 58 13 7 33 15 45 13 55 59 42 60 61 35 62 63 35 64 65 57 66 17 48 17 48 67 68 48 55 
43 44 57 20 69 70 22 46 17 48 20 71 51 72 73 11 74 75 22 17 76 7 13 17 48 14 77 41 
28 42 43 44 57 20 69 70 22 46 47 17 66 17 48 17 76 7 13 17 78 77 55 18 42 79 57 20 69 70 22 18 77 17 80 81 33 82 17 83 78 84 55 59 42 11 74 57 85 
13 86 57 20 28 22 87 57 16 19 88 89 90 17 91 89 92 35 93 89 94 17 90 89 94 20 87 48 95 13 96 33 97 98 99 100 101 22 20 18 22 102 57 16 19 88 89 92 17 91 89 92 35 93 89 94 17 90 89 94 41 
43 44 57 20 69 70 22 46 47 17 17 66 17 48 20 71 51 72 73 11 74 75 22 17 76 7 13 17 103 77 104 55 20 105 70 106 105 17 103 77 41 
107 108 109 110 111 112 70 53 48 41 
16 19 13 33 15 16 113 18 19 12 77 78 84 15 114 115 116 15 117 95 16 113 18 118 119 15 78 5 120 121 10 122 70 73 123 124 125 20 126 127 66 128 122 12 129 78 125 22 15 130 131 132 133 134 41 
135 35 136 75 137 89 138 139 140 20 135 22 141 5 57 142 143 144 137 136 46 145 15 146 147 148 137 149 41 138 139 140 20 150 22 151 5 57 138 139 140 28 35 114 5 152 153 154 136 75 15 117 72 5 155 156 157 158 159 160 137 41 138 139 140 18 35 161 18 162 163 20 21 18 162 22 164 165 7 151 5 166 26 99 12 137 136 46 75 41 138 139 140 59 35 167 168 169 164 165 7 151 5 170 137 171 172 159 41 138 139 140 173 57 74 174 175 7 15 176 72 177 178 179 7 180 181 20 72 182 137 136 7 183 22 35 175 184 185 55 5 95 186 15 74 174 175 7 15 176 72 177 178 186 187 179 7 180 181 20 72 182 137 136 7 183 22 35 175 184 185 41 138 139 140 83 35 114 5 142 95 188 67 189 190 191 192 154 136 75 15 193 12 154 188 194 195 20 196 194 197 198 199 200 22 35 201 20 202 22 203 204 205 148 35 206 148 207 41 138 139 140 20 28 22 70 208 57 5 209 188 210 211 67 212 213 36 31 70 55 138 139 140 20 18 22 214 215 57 5 216 194 197 217 11 218 219 67 199 200 217 76 7 220 219 15 45 136 207 148 51 15 4 221 52 54 222 223 207 160 55 138 139 140 20 59 22 5 12 224 225 226 227 223 136 207 160 15 46 228 229 20 230 231 232 57 94 22 223 7 5 12 233 148 207 15 234 46 228 229 223 7 235 95 210 107 46 236 148 207 41 138 139 140 173 57 5 95 237 142 137 136 37 46 7 238 112 70 239 240 99 213 212 112 70 7 15 241 242 137 136 46 75 41 138 139 140 20 83 22 136 207 243 86 57 138 139 140 244 35 245 5 95 204 246 247 136 75 248 249 109 15 117 207 191 99 75 250 243 55 138 139 140 251 35 245 5 95 204 246 247 136 75 252 253 249 109 7 15 207 191 99 75 235 254 247 136 75 243 99 255 41 
95 256 48 257 258 7 259 210 15 108 260 137 136 46 75 15 261 13 136 7 33 41 
107 108 95 262 37 263 264 265 160 213 59 25 31 70 35 59 25 266 267 70 55 268 160 213 28 25 105 70 35 28 25 269 70 
270 70 271 16 113 28 19 243 265 46 41 
28 35 161 18 162 163 20 21 18 162 22 164 165 7 151 5 15 272 137 72 156 157 206 148 15 166 273 243 41 138 139 140 18 35 167 168 18 162 164 165 7 151 5 170 137 171 172 159 41 138 139 140 59 35 114 5 142 95 188 67 189 190 191 192 154 136 75 15 265 154 188 195 20 274 67 199 200 22 35 201 203 204 205 35 206 148 207 41 
141 5 7 275 160 276 72 154 277 278 279 15 280 5 154 281 277 7 282 35 283 277 35 284 53 275 41 
285 286 287 154 190 61 81 277 288 15 171 154 277 278 77 41 
28 35 30 31 289 20 196 290 35 291 292 136 22 15 196 105 112 70 7 8 20 105 70 293 294 198 295 112 8 296 40 22 55 138 139 140 18 35 30 31 297 198 298 299 289 20 300 301 66 302 107 26 7 303 40 22 55 138 139 140 59 35 304 305 306 35 307 15 308 309 310 311 312 313 46 314 7 30 31 289 41 138 139 140 83 35 48 78 7 289 315 316 8 40 7 86 57 36 57 299 317 318 55 34 57 299 23 135 26 319 318 41 
320 321 292 322 323 324 159 265 325 326 15 327 72 5 156 157 95 46 86 206 148 41 114 5 286 328 329 159 15 12 330 331 332 147 242 137 333 334 41 
335 336 337 28 338 339 15 189 340 286 287 41 
12 109 217 341 342 294 219 7 51 13 33 15 327 253 343 217 293 294 219 51 41 
12 109 217 341 342 294 219 7 51 13 33 15 327 253 343 217 293 294 219 51 41 
95 344 345 20 346 338 57 22 347 5 348 222 349 217 76 7 350 219 15 347 99 16 113 28 19 315 243 55 
